Dynamics Check for SC[0]

Nb:  1   Ng:  0
Mass:  4.000000
cm:  0.120000 -0.250000 0.200000
I  :  0.006700  -0.000000  -0.000000 
     -0.000000  0.033000  -0.000000 
      -0.000000 -0.000000  0.033000
PosR:  0.000000 -0.000000 0.000000
VelR:  0.000000 0.000000 0.000000

Dyn Structure
-------------
Nu:  6   Nx:  7  Nf:  0
u[00]: 0.087266
u[01]: 0.087266
u[02]: 0.034907
u[03]: 0.000000
u[04]: 0.000000
u[05]: 0.000000

x[00]: 0.000000
x[01]: 0.000000
x[02]: 0.000000
x[03]: 1.000000
x[04]: 0.000000
x[05]: 0.000000
x[06]: 0.000000



Body Structure [00]
-------------------
Mass:  4.000000
cm:  0.120000 -0.250000 0.200000
c:   0.000000 0.000000 0.000000
I:  0.006700 -0.000000 -0.000000
     -0.000000 0.033000 -0.000000
   -0.000000 -0.000000 0.033000
wn:  0.087266 0.087266 0.034907
qn:  0.000000 0.000000 0.000000 1.000000
vn:  0.000000 0.000000 0.000000
pn:  0.000000 0.000000 0.000000

CN:
1.000000 0.000000 0.000000
0.000000 1.000000 0.000000
0.000000 0.000000 1.000000
Nf: 0   f0: 0
Mf:

Kf:

Cf:

Pf:




Hf:





